2 1
3 2
4 3
5 4
6 3
7 2
8 1
9 5
10 1
11 10
12 7
13 7
14 5
15 14
16 4
17 15
18 1
19 10
20 19
21 14
22 17
23 6
24 1
25 11
26 14
27 17
28 12
29 11
30 6
31 22
32 12
33 3
34 6
35 25
36 5
37 18
38 22
39 37
40 28
41 31
42 13
43 1
44 42
45 36
46 16
47 31
48 47
49 26
50 30
51 37
52 13
53 25
54 28
55 7
56 24
57 22
58 41
59 45
60 9
61 39
62 40
63 46
64 56
65 26
66 61
67 45
68 37
69 53
70 13
71 52
72 49
73 7
74 7
75 15
76 4
77 51
78 32
79 71
80 45
81 17
82 30
83 49
84 67
85 14
86 2
87 27
88 85
89 74
90 22
91 27
92 59
93 14
94 11
95 11
96 80
97 66
98 61
99 14
100 26
