93
2 1
3 1
4 1
5 3
6 4
7 1
8 5
9 5
10 4
11 7
12 9
13 8
14 9
15 12
16 4
17 7
18 14
19 12
20 12
21 3
22 17
23 10
24 21
25 5
26 3
27 26
28 7
29 11
30 23
31 21
32 29
33 25
34 18
35 9
36 6
37 13
38 16
39 6
40 37
41 34
42 19
43 25
44 22
45 31
46 34
47 2
48 26
49 20
50 41
51 15
52 10
53 38
54 33
55 52
56 19
57 34
58 6
59 13
60 40
61 31
62 38
63 31
64 21
65 41
66 38
67 56
68 50
69 59
70 54
71 48
72 19
73 18
74 52
75 50
76 55
77 69
78 67
79 57
80 17
81 74
82 45
83 24
84 11
85 10
86 49
87 26
88 74
89 84
90 83
91 8
92 32
93 75
