98
2 1
3 1
4 3
5 2
6 2
7 6
8 3
9 6
10 5
11 7
12 4
13 7
14 8
15 11
16 3
17 13
18 4
19 17
20 14
21 19
22 14
23 5
24 15
25 19
26 10
27 20
28 7
29 12
30 18
31 20
32 23
33 6
34 12
35 31
36 20
37 28
38 15
39 12
40 37
41 31
42 15
43 36
44 41
45 33
46 39
47 44
48 42
49 13
50 19
51 8
52 37
53 50
54 22
55 14
56 52
57 50
58 5
59 10
60 46
61 39
62 1
63 4
64 51
65 41
66 44
67 28
68 26
69 31
70 32
71 62
72 65
73 30
74 44
75 56
76 50
77 17
78 54
79 55
80 42
81 66
82 26
83 17
84 9
85 33
86 8
87 72
88 56
89 11
90 70
91 70
92 71
93 80
94 37
95 55
96 53
97 69
98 29
