100
2 1
3 1
4 1
5 2
6 3
7 5
8 6
9 2
10 1
11 6
12 3
13 12
14 13
15 2
16 11
17 14
18 11
19 9
20 19
21 12
22 9
23 18
24 16
25 4
26 15
27 19
28 10
29 25
30 13
31 25
32 14
33 24
34 33
35 5
36 35
37 29
38 18
39 16
40 10
41 20
42 12
43 6
44 18
45 43
46 45
47 9
48 15
49 22
50 15
51 49
52 10
53 16
54 31
55 5
56 24
57 19
58 29
59 22
60 28
61 53
62 47
63 33
64 35
65 58
66 57
67 63
68 22
69 46
70 37
71 35
72 26
73 50
74 61
75 4
76 3
77 20
78 51
79 39
80 44
81 64
82 13
83 47
84 67
85 73
86 23
87 47
88 67
89 40
90 80
91 65
92 39
93 75
94 46
95 76
96 51
97 80
98 55
99 4
100 29
